10.5 0.34504634
10.537594 0.34481568
10.575188 0.34458645
10.612782 0.34435864
10.650376 0.34413225
10.68797 0.34390726
10.725564 0.34368369
10.763158 0.34346151
10.800752 0.34324073
10.838346 0.34302134
10.87594 0.34280334
10.913534 0.34258672
10.951128 0.34237147
10.988722 0.3421576
11.026316 0.34194508
11.06391 0.34173393
11.101504 0.34152413
11.139098 0.34131568
11.176692 0.34110858
11.214286 0.34090281
11.25188 0.34069837
11.289474 0.34049526
11.327068 0.34029347
11.364662 0.340093
11.402256 0.33989384
11.43985 0.33969598
11.477444 0.33949942
11.515038 0.33930416
11.552632 0.33911018
11.590226 0.33891748
11.62782 0.33872606
11.665414 0.33853591
11.703008 0.33834703
11.740602 0.3381594
11.778195 0.33797303
11.815789 0.33778791
11.853383 0.33760403
11.890977 0.33742138
11.928571 0.33723996
11.966165 0.33705977
12.003759 0.3368808
12.041353 0.33670304
12.078947 0.33652648
12.116541 0.33635113
12.154135 0.33617697
12.191729 0.336004
12.229323 0.33583222
12.266917 0.33566161
12.304511 0.33549217
12.342105 0.3353239
12.379699 0.33515679
12.417293 0.33499083
12.454887 0.33482602
12.492481 0.33466236
12.530075 0.33449983
12.567669 0.33433843
12.605263 0.33417815
12.642857 0.33401899
12.680451 0.33386095
12.718045 0.33370401
12.755639 0.33354817
12.793233 0.33339342
12.830827 0.33323977
12.868421 0.3330872
12.906015 0.3329357
12.943609 0.33278528
12.981203 0.33263592
13.018797 0.33248762
13.056391 0.33234038
13.093985 0.33219418
13.131579 0.33204903
13.169173 0.33190491
13.206767 0.33176182
13.244361 0.33161975
13.281955 0.33147871
13.319549 0.33133867
13.357143 0.33119965
13.394737 0.33106162
13.432331 0.33092459
13.469925 0.33078855
13.507519 0.33065349
13.545113 0.33051941
13.582707 0.33038631
13.620301 0.33025417
13.657895 0.33012299
13.695489 0.32999276
13.733083 0.32986349
13.770677 0.32973516
13.808271 0.32960776
13.845865 0.3294813
13.883459 0.32935577
13.921053 0.32923116
13.958647 0.32910746
13.996241 0.32898468
14.033835 0.3288628
14.071429 0.32874181
14.109023 0.32862172
14.146617 0.32850252
14.184211 0.3283842
14.221805 0.32826676
14.259398 0.32815019
14.296992 0.32803449
14.334586 0.32791964
14.37218 0.32780565
14.409774 0.32769251
14.447368 0.32758022
14.484962 0.32746876
14.522556 0.32735814
14.56015 0.32724835
14.597744 0.32713938
14.635338 0.32703122
14.672932 0.32692388
14.710526 0.32681735
14.74812 0.32671162
14.785714 0.32660669
14.823308 0.32650254
14.860902 0.32639919
14.898496 0.32629661
14.93609 0.32619481
14.973684 0.32609379
15.011278 0.32599353
15.048872 0.32589403
15.086466 0.32579528
15.12406 0.32569729
15.161654 0.32560004
15.199248 0.32550354
15.236842 0.32540777
15.274436 0.32531273
15.31203 0.32521841
15.349624 0.32512482
15.387218 0.32503195
15.424812 0.32493979
15.462406 0.32484833
15.5 0.32475758
15.537594 0.32466752
15.575188 0.32457815
15.612782 0.32448948
15.650376 0.32440148
15.68797 0.32431417
15.725564 0.32422753
15.763158 0.32414155
15.800752 0.32405625
15.838346 0.3239716
15.87594 0.32388761
15.913534 0.32380426
15.951128 0.32372157
15.988722 0.32363951
16.026316 0.3235581
16.06391 0.32347731
16.101504 0.32339716
16.139098 0.32331763
16.176692 0.32323871
16.214286 0.32316042
16.25188 0.32308273
16.289474 0.32300565
16.327068 0.32292918
16.364662 0.3228533
16.402256 0.32277801
16.43985 0.32270332
16.477444 0.32262921
16.515038 0.32255568
16.552632 0.32248273
16.590226 0.32241035
16.62782 0.32233854
16.665414 0.32226729
16.703008 0.32219661
16.740602 0.32212648
16.778195 0.3220569
16.815789 0.32198788
16.853383 0.32191939
16.890977 0.32185145
16.928571 0.32178405
16.966165 0.32171718
17.003759 0.32165083
17.041353 0.32158501
17.078947 0.32151972
17.116541 0.32145494
17.154135 0.32139067
17.191729 0.32132692
17.229323 0.32126367
17.266917 0.32120092
17.304511 0.32113867
17.342105 0.32107692
17.379699 0.32101566
17.417293 0.32095489
17.454887 0.3208946
17.492481 0.32083479
17.530075 0.32077546
17.567669 0.3207166
17.605263 0.32065821
17.642857 0.32060029
17.680451 0.32054283
17.718045 0.32048583
17.755639 0.32042929
17.793233 0.3203732
17.830827 0.32031756
17.868421 0.32026236
17.906015 0.32020761
17.943609 0.3201533
17.981203 0.32009942
18.018797 0.32004598
18.056391 0.31999296
18.093985 0.31994037
18.131579 0.31988821
18.169173 0.31983646
18.206767 0.31978513
18.244361 0.31973422
18.281955 0.31968371
18.319549 0.31963361
18.357143 0.31958392
18.394737 0.31953463
18.432331 0.31948573
18.469925 0.31943723
18.507519 0.31938912
18.545113 0.31934141
18.582707 0.31929407
18.620301 0.31924712
18.657895 0.31920055
18.695489 0.31915436
18.733083 0.31910854
18.770677 0.31906309
18.808271 0.31901801
18.845865 0.3189733
18.883459 0.31892895
18.921053 0.31888496
18.958647 0.31884133
18.996241 0.31879805
19.033835 0.31875512
19.071429 0.31871255
19.109023 0.31867032
19.146617 0.31862843
19.184211 0.31858688
19.221805 0.31854567
19.259398 0.3185048
19.296992 0.31846426
19.334586 0.31842406
19.37218 0.31838417
19.409774 0.31834462
19.447368 0.31830539
19.484962 0.31826648
19.522556 0.31822788
19.56015 0.3181896
19.597744 0.31815164
19.635338 0.31811398
19.672932 0.31807664
19.710526 0.31803959
19.74812 0.31800286
19.785714 0.31796642
19.823308 0.31793028
19.860902 0.31789444
19.898496 0.31785889
19.93609 0.31782363
19.973684 0.31778866
20.011278 0.31775398
20.048872 0.31771958
20.086466 0.31768547
20.12406 0.31765164
20.161654 0.31761808
20.199248 0.3175848
20.236842 0.31755179
20.274436 0.31751906
20.31203 0.31748659
20.349624 0.31745439
20.387218 0.31742246
20.424812 0.31739078
20.462406 0.31735937
20.5 0.31732822
20.537594 0.31729733
20.575188 0.31726669
20.612782 0.3172363
20.650376 0.31720616
20.68797 0.31717627
20.725564 0.31714663
20.763158 0.31711723
20.800752 0.31708808
20.838346 0.31705916
20.87594 0.31703049
20.913534 0.31700205
20.951128 0.31697384
20.988722 0.31694587
21.026316 0.31691814
21.06391 0.31689063
21.101504 0.31686334
21.139098 0.31683629
21.176692 0.31680945
21.214286 0.31678284
21.25188 0.31675645
21.289474 0.31673028
21.327068 0.31670433
21.364662 0.31667859
21.402256 0.31665306
21.43985 0.31662775
21.477444 0.31660264
21.515038 0.31657774
21.552632 0.31655305
21.590226 0.31652857
21.62782 0.31650429
21.665414 0.31648021
21.703008 0.31645633
21.740602 0.31643264
21.778195 0.31640916
21.815789 0.31638587
21.853383 0.31636277
21.890977 0.31633986
21.928571 0.31631715
21.966165 0.31629462
22.003759 0.31627229
22.041353 0.31625013
22.078947 0.31622817
22.116541 0.31620638
22.154135 0.31618478
22.191729 0.31616335
22.229323 0.31614211
22.266917 0.31612104
22.304511 0.31610014
22.342105 0.31607942
22.379699 0.31605888
22.417293 0.3160385
22.454887 0.3160183
22.492481 0.31599826
22.530075 0.31597839
22.567669 0.31595868
22.605263 0.31593914
22.642857 0.31591977
22.680451 0.31590055
22.718045 0.3158815
22.755639 0.3158626
22.793233 0.31584386
22.830827 0.31582528
22.868421 0.31580685
22.906015 0.31578858
22.943609 0.31577046
22.981203 0.31575249
23.018797 0.31573467
23.056391 0.315717
23.093985 0.31569948
23.131579 0.31568211
23.169173 0.31566488
23.206767 0.31564779
23.244361 0.31563085
23.281955 0.31561405
23.319549 0.31559739
23.357143 0.31558087
23.394737 0.31556448
23.432331 0.31554824
23.469925 0.31553213
23.507519 0.31551615
23.545113 0.31550031
23.582707 0.3154846
23.620301 0.31546903
23.657895 0.31545358
23.695489 0.31543826
23.733083 0.31542307
23.770677 0.31540801
23.808271 0.31539308
23.845865 0.31537827
23.883459 0.31536358
23.921053 0.31534902
23.958647 0.31533458
23.996241 0.31532026
24.033835 0.31530606
24.071429 0.31529198
24.109023 0.31527802
24.146617 0.31526418
24.184211 0.31525045
24.221805 0.31523683
24.259398 0.31522334
24.296992 0.31520995
24.334586 0.31519668
24.37218 0.31518352
24.409774 0.31517046
24.447368 0.31515752
24.484962 0.31514469
24.522556 0.31513197
24.56015 0.31511935
24.597744 0.31510684
24.635338 0.31509443
24.672932 0.31508213
24.710526 0.31506993
24.74812 0.31505783
24.785714 0.31504584
24.823308 0.31503394
24.860902 0.31502215
24.898496 0.31501045
24.93609 0.31499886
24.973684 0.31498736
25.011278 0.31497596
25.048872 0.31496465
25.086466 0.31495344
25.12406 0.31494232
25.161654 0.3149313
25.199248 0.31492037
25.236842 0.31490953
25.274436 0.31489879
25.31203 0.31488813
25.349624 0.31487756
25.387218 0.31486709
25.424812 0.3148567
25.462406 0.3148464
25.5 0.31483618

