9.5 0.35117627
9.5401003 0.35089938
9.5802005 0.35062419
9.6203008 0.35035068
9.660401 0.35007886
9.7005013 0.34980873
9.7406015 0.34954026
9.7807018 0.34927347
9.820802 0.34900834
9.8609023 0.34874488
9.9010025 0.34848307
9.9411028 0.34822292
9.981203 0.34796441
10.021303 0.34770754
10.061404 0.34745231
10.101504 0.34719871
10.141604 0.34694673
10.181704 0.34669638
10.221805 0.34644764
10.261905 0.34620051
10.302005 0.34595498
10.342105 0.34571105
10.382206 0.34546872
10.422306 0.34522797
10.462406 0.3449888
10.502506 0.34475121
10.542607 0.34451519
10.582707 0.34428073
10.622807 0.34404783
10.662907 0.34381649
10.703008 0.34358668
10.743108 0.34335842
10.783208 0.34313169
10.823308 0.34290649
10.863409 0.3426828
10.903509 0.34246064
10.943609 0.34223998
10.983709 0.34202082
11.02381 0.34180316
11.06391 0.34158699
11.10401 0.3413723
11.14411 0.34115908
11.184211 0.34094734
11.224311 0.34073706
11.264411 0.34052823
11.304511 0.34032086
11.344612 0.34011493
11.384712 0.33991043
11.424812 0.33970737
11.464912 0.33950572
11.505013 0.3393055
11.545113 0.33910668
11.585213 0.33890927
11.625313 0.33871325
11.665414 0.33851863
11.705514 0.33832538
11.745614 0.33813351
11.785714 0.33794301
11.825815 0.33775387
11.865915 0.33756609
11.906015 0.33737966
11.946115 0.33719456
11.986216 0.3370108
12.026316 0.33682837
12.066416 0.33664726
12.106516 0.33646746
12.146617 0.33628897
12.186717 0.33611178
12.226817 0.33593588
12.266917 0.33576127
12.307018 0.33558793
12.347118 0.33541587
12.387218 0.33524507
12.427318 0.33507553
12.467419 0.33490724
12.507519 0.3347402
12.547619 0.33457439
12.587719 0.33440981
12.62782 0.33424645
12.66792 0.33408431
12.70802 0.33392338
12.74812 0.33376366
12.788221 0.33360512
12.828321 0.33344778
12.868421 0.33329162
12.908521 0.33313663
12.948622 0.3329828
12.988722 0.33283014
13.028822 0.33267864
13.068922 0.33252828
13.109023 0.33237906
13.149123 0.33223097
13.189223 0.33208401
13.229323 0.33193817
13.269424 0.33179344
13.309524 0.33164981
13.349624 0.33150729
13.389724 0.33136586
13.429825 0.33122551
13.469925 0.33108624
13.510025 0.33094804
13.550125 0.33081091
13.590226 0.33067484
13.630326 0.33053982
13.670426 0.33040584
13.710526 0.3302729
13.750627 0.330141
13.790727 0.33001012
13.830827 0.32988026
13.870927 0.3297514
13.911028 0.32962356
13.951128 0.32949671
13.991228 0.32937086
14.031328 0.32924599
14.071429 0.3291221
14.111529 0.32899919
14.151629 0.32887724
14.191729 0.32875625
14.23183 0.32863621
14.27193 0.32851713
14.31203 0.32839898
14.35213 0.32828177
14.392231 0.32816548
14.432331 0.32805012
14.472431 0.32793567
14.512531 0.32782214
14.552632 0.3277095
14.592732 0.32759777
14.632832 0.32748692
14.672932 0.32737696
14.713033 0.32726788
14.753133 0.32715967
14.793233 0.32705233
14.833333 0.32694585
14.873434 0.32684022
14.913534 0.32673544
14.953634 0.32663151
14.993734 0.32652841
15.033835 0.32642614
15.073935 0.3263247
15.114035 0.32622408
15.154135 0.32612427
15.194236 0.32602527
15.234336 0.32592707
15.274436 0.32582966
15.314536 0.32573305
15.354637 0.32563722
15.394737 0.32554217
15.434837 0.3254479
15.474937 0.32535439
15.515038 0.32526164
15.555138 0.32516966
15.595238 0.32507842
15.635338 0.32498793
15.675439 0.32489818
15.715539 0.32480916
15.755639 0.32472088
15.795739 0.32463332
15.83584 0.32454647
15.87594 0.32446035
15.91604 0.32437493
15.95614 0.32429021
15.996241 0.32420619
16.036341 0.32412286
16.076441 0.32404022
16.116541 0.32395827
16.156642 0.32387699
16.196742 0.32379638
16.236842 0.32371644
16.276942 0.32363717
16.317043 0.32355855
16.357143 0.32348058
16.397243 0.32340326
16.437343 0.32332658
16.477444 0.32325054
16.517544 0.32317513
16.557644 0.32310036
16.597744 0.3230262
16.637845 0.32295266
16.677945 0.32287974
16.718045 0.32280742
16.758145 0.32273571
16.798246 0.3226646
16.838346 0.32259409
16.878446 0.32252416
16.918546 0.32245482
16.958647 0.32238606
16.998747 0.32231788
17.038847 0.32225027
17.078947 0.32218323
17.119048 0.32211675
17.159148 0.32205084
17.199248 0.32198547
17.239348 0.32192066
17.279449 0.3218564
17.319549 0.32179267
17.359649 0.32172948
17.399749 0.32166683
17.43985 0.32160471
17.47995 0.32154311
17.52005 0.32148203
17.56015 0.32142147
17.600251 0.32136142
17.640351 0.32130188
17.680451 0.32124285
17.720551 0.32118431
17.760652 0.32112628
17.800752 0.32106873
17.840852 0.32101168
17.880952 0.32095511
17.921053 0.32089902
17.961153 0.32084341
18.001253 0.32078827
18.041353 0.3207336
18.081454 0.32067939
18.121554 0.32062565
18.161654 0.32057237
18.201754 0.32051954
18.241855 0.32046717
18.281955 0.32041524
18.322055 0.32036375
18.362155 0.32031271
18.402256 0.3202621
18.442356 0.32021193
18.482456 0.32016218
18.522556 0.32011286
18.562657 0.32006397
18.602757 0.32001549
18.642857 0.31996743
18.682957 0.31991978
18.723058 0.31987254
18.763158 0.31982571
18.803258 0.31977928
18.843358 0.31973324
18.883459 0.31968761
18.923559 0.31964237
18.963659 0.31959751
19.003759 0.31955305
19.04386 0.31950896
19.08396 0.31946526
19.12406 0.31942193
19.16416 0.31937898
19.204261 0.31933639
19.244361 0.31929418
19.284461 0.31925233
19.324561 0.31921084
19.364662 0.31916971
19.404762 0.31912894
19.444862 0.31908851
19.484962 0.31904844
19.525063 0.31900872
19.565163 0.31896934
19.605263 0.3189303
19.645363 0.3188916
19.685464 0.31885323
19.725564 0.3188152
19.765664 0.31877749
19.805764 0.31874012
19.845865 0.31870307
19.885965 0.31866634
19.926065 0.31862993
19.966165 0.31859383
20.006266 0.31855805
20.046366 0.31852258
20.086466 0.31848742
20.126566 0.31845257
20.166667 0.31841801
20.206767 0.31838376
20.246867 0.31834981
20.286967 0.31831616
20.327068 0.31828279
20.367168 0.31824972
20.407268 0.31821694
20.447368 0.31818444
20.487469 0.31815222
20.527569 0.31812029
20.567669 0.31808864
20.607769 0.31805726
20.64787 0.31802615
20.68797 0.31799532
20.72807 0.31796476
20.76817 0.31793446
20.808271 0.31790443
20.848371 0.31787467
20.888471 0.31784516
20.928571 0.31781591
20.968672 0.31778692
21.008772 0.31775818
21.048872 0.31772969
21.088972 0.31770146
21.129073 0.31767347
21.169173 0.31764572
21.209273 0.31761822
21.249373 0.31759096
21.289474 0.31756394
21.329574 0.31753715
21.369674 0.31751061
21.409774 0.31748429
21.449875 0.31745821
21.489975 0.31743235
21.530075 0.31740672
21.570175 0.31738132
21.610276 0.31735614
21.650376 0.31733118
21.690476 0.31730644
21.730576 0.31728192
21.770677 0.31725761
21.810777 0.31723352
21.850877 0.31720964
21.890977 0.31718597
21.931078 0.31716251
21.971178 0.31713926
22.011278 0.31711621
22.051378 0.31709336
22.091479 0.31707072
22.131579 0.31704827
22.171679 0.31702602
22.211779 0.31700397
22.25188 0.31698212
22.29198 0.31696045
22.33208 0.31693898
22.37218 0.3169177
22.412281 0.3168966
22.452381 0.31687569
22.492481 0.31685497
22.532581 0.31683443
22.572682 0.31681407
22.612782 0.31679388
22.652882 0.31677388
22.692982 0.31675406
22.733083 0.31673441
22.773183 0.31671493
22.813283 0.31669563
22.853383 0.31667649
22.893484 0.31665753
22.933584 0.31663873
22.973684 0.3166201
23.013784 0.31660164
23.053885 0.31658334
23.093985 0.3165652
23.134085 0.31654722
23.174185 0.3165294
23.214286 0.31651174
23.254386 0.31649423
23.294486 0.31647688
23.334586 0.31645969
23.374687 0.31644264
23.414787 0.31642575
23.454887 0.31640901
23.494987 0.31639241
23.535088 0.31637596
23.575188 0.31635966
23.615288 0.31634351
23.655388 0.31632749
23.695489 0.31631162
23.735589 0.31629589
23.775689 0.3162803
23.815789 0.31626485
23.85589 0.31624953
23.89599 0.31623435
23.93609 0.31621931
23.97619 0.3162044
24.016291 0.31618962
24.056391 0.31617497
24.096491 0.31616045
24.136591 0.31614607
24.176692 0.31613181
24.216792 0.31611767
24.256892 0.31610367
24.296992 0.31608978
24.337093 0.31607602
24.377193 0.31606239
24.417293 0.31604887
24.457393 0.31603547
24.497494 0.3160222
24.537594 0.31600904
24.577694 0.315996
24.617794 0.31598307
24.657895 0.31597026
24.697995 0.31595757
24.738095 0.31594498
24.778195 0.31593251
24.818296 0.31592015
24.858396 0.3159079
24.898496 0.31589576
24.938596 0.31588373
24.978697 0.3158718
25.018797 0.31585998
25.058897 0.31584827
25.098997 0.31583666
25.139098 0.31582515
25.179198 0.31581375
25.219298 0.31580245
25.259398 0.31579125
25.299499 0.31578015
25.339599 0.31576915
25.379699 0.31575824
25.419799 0.31574743
25.4599 0.31573672
25.5 0.31572611